Position: -62.77, 6.57, -159.45
Rotation: -90.00001, 0, -59.99
Scale:    3.165514, 3.325518, 3.165513